#SPRITE 11
0Hero_Walk 10 0 1.0f 
0 100	0 44 46
1 150	0 44 46
2 200	0 44 46
3 250	0 44 46
4 300	0 44 46
5 350	0 44 46
6 400	0 44 46
7 450	0 44 46
8 500 0 44 46
9 550 0 44 46  
1Hero_Jumping 2 0 1.0f
0 0 353  44 50
1 50 353  44 50
2Hero_Idel  14 0 1.0f
0 0 50 44 46
1 50 50 44 46
2 100 50 44 46
3 50 50 44 46
4 0 50 44 46
5 0 50 44 46
6 0 50 44 46
7 0 50 44 46
8 0 50 44 46
9 0 50 44 46
10 	0 50 44 46
11	0 50 44 46
12	0 50 44 46
13	0 50 44 46
3Hero_Shot 1 0 1.0f
0 3 104 46 46
4Hero_ShottingRun 10 0 1.0f
0 100 154 47 46
1 150 154 47 46
2 200 154 47 46
3 250 154 47 46
4 300 154 47 46
5 350 154 47 46
6 400 154 47 46
7 450 154 47 46
8 500 154 47 46
9 550 154 47 46
5Hero_Victory 5 0 1.0f
0 0  203 40 47
1 50 203 40 47
2 100 203 40 47
3 150 203 40 47
4 203 203 40 47
6Hero_Radder 6 0 0.1f
0  0   267  34  58
1  46  267	34	58
2  87  267	34	58
3  132 267	34	58
4  178 267	34	58
5  220 267	34	58
7Hero_JumpingShot 2 0 0.1f
0  0  411   44 50
1  50  411   44 50 
8Monster1 3 0 0.1f
0 7  34 28 26 
1 36 34 28 26
2 67 34 28 26
9PortalInactive 15 0 0.1f
0 14 128 54 83
1 95 128 54 83
2 176 128 54 83
3 257 128 54 83
4 338 128 54 83
5 419 128 54 83
6 500 128 54 83
7 581 128 54 83
8 581 128 54 83
9 500 128 54 83
10 419 128 54 83
11 338 128 54 83
12 257 128 54 83
13 176 128 54 83
14 95 128 54 83
10PortalActive 15 0 0.1f
0 14   228 54 83
1 95   228 54 83
2 176  228 54 83
3 257  228 54 83
4 338  228 54 83
5 419  228 54 83
6 500  228 54 83
7 581  228 54 83
8 662  228 54 83
9 743  228 54 83
10 824 228 54 83
11 904 228 54 83
12 986 228 54 83
13 1067 228 54 83
14 1148  228 54 83